sqlite3.c:110465,100.53831697640427
sqlite3.c:110477,98.53831697640427
