sqlite3.c:187182,75.34234355666545
sqlite3.c:187186,111.11051444527979
sqlite3.c:187189,53.48253907003665
