sqlite3.c:191453,111.11051444527979
sqlite3.c:191459,53.48253907003665
