sqlite3.c:176986,65.91420789832047
sqlite3.c:176994,64.91420789832047
sqlite3.c:177000,62.91420789832047
