sqlite3.c:146648,64.91420789832047
sqlite3.c:146656,62.91420789832047
