sqlite3.c:120298,44.43363306385085
sqlite3.c:120299,42.10526315789473
