shell.c:18273,76.3527388197936
shell.c:18276,75.3527388197936
shell.c:18283,73.3527388197936
