sqlite3.c:181046,109.36363636363639
sqlite3.c:181062,108.36363636363637
sqlite3.c:181068,106.36363636363637
