sqlite3.c:190048,76.4525366327523
sqlite3.c:190058,75.34234355666545
sqlite3.c:190063,111.11051444527979
sqlite3.c:190070,53.48253907003665
