sqlite3.c:134877,64.19430109939421
sqlite3.c:134882,62.19430109939421
