sqlite3.c:177165,73.90594422907711
sqlite3.c:177167,72.82328621588576
sqlite3.c:177175,100.46787479406919
sqlite3.c:177177,53.48253907003665
