sqlite3.c:108509,106.29843455256076
sqlite3.c:108510,105.80078636959371
sqlite3.c:108511,103.80078636959371
sqlite3.c:108513,103.80078636959371
