sqlite3.c:120251,29.510574018126885
sqlite3.c:120253,28.398753894080997
sqlite3.c:120254,19.2
sqlite3.c:120270,40.0
