sqlite3.c:188603,111.11051444527979
sqlite3.c:188610,53.48253907003665
sqlite3.c:188611,102.0
sqlite3.c:188613,100.0
