sqlite3.c:97488,46.80530973451328
sqlite3.c:97494,45.80530973451328
sqlite3.c:97503,43.80530973451328
