sqlite3.c:180166,79.37328106701823
sqlite3.c:180177,64.24101969872538
sqlite3.c:180178,96.00000000000001
