sqlite3.c:182486,110.36363636363637
sqlite3.c:182488,109.36363636363639
sqlite3.c:182492,108.36363636363637
sqlite3.c:182493,106.36363636363637
