sqlite3.c:131842,55.33333333333333
sqlite3.c:131846,53.33333333333333
