sqlite3.c:69614,60.0
sqlite3.c:69646,33.111111111111114
sqlite3.c:69653,31.111111111111114
