shell.c:9786,53.48253907003665
shell.c:9793,64.28571428571429
