shell.c:10792,111.11051444527979
shell.c:10804,53.48253907003665
shell.c:10805,77.0
shell.c:10807,75.0
