sqlite3.c:115376,72.36936936936938
sqlite3.c:115385,71.36936936936938
sqlite3.c:115396,69.36936936936938
