sqlite3.c:172634,116.36237428378544
sqlite3.c:172640,114.36237428378544
