sqlite3.c:188097,98.00000000000001
sqlite3.c:188101,98.00000000000001
sqlite3.c:188110,96.00000000000001
