sqlite3.c:182033,67.24101969872538
sqlite3.c:182044,66.24101969872538
sqlite3.c:182045,64.24101969872538
