sqlite3.c:193508,66.24101969872538
sqlite3.c:193522,64.24101969872538
