shell.c:16861,100.46787479406919
shell.c:16865,53.48253907003665
shell.c:16866,66.28571428571429
shell.c:16868,64.28571428571429
