sqlite3.c:61278,65.91420789832047
sqlite3.c:61285,64.91420789832047
sqlite3.c:61295,62.91420789832047
