sqlite3.c:153673,106.80078636959372
sqlite3.c:153677,105.80078636959371
sqlite3.c:153678,103.80078636959371
