sqlite3.c:180339,76.81414235591431
sqlite3.c:180346,74.81414235591431
