shell.c:9558,113.1105144452798
shell.c:9572,111.11051444527979
