sqlite3.c:134260,53.48253907003665
sqlite3.c:134268,64.28571428571429
