sqlite3.c:113620,52.66457680250784
sqlite3.c:113631,91.56869984260537
sqlite3.c:113633,91.56869984260537
