sqlite3.c:181199,118.66666666666664
sqlite3.c:181208,116.66666666666666
