sqlite3.c:187938,89.55555555555556
sqlite3.c:187943,87.55555555555556
sqlite3.c:187944,88.55555555555556
sqlite3.c:187946,85.55555555555556
