sqlite3.c:88534,70.28571428571429
sqlite3.c:88557,68.28571428571429
sqlite3.c:88563,66.28571428571429
sqlite3.c:88567,64.28571428571429
