sqlite3.c:82813,67.7820261929851
sqlite3.c:82818,66.78197097020626
sqlite3.c:82819,64.28571428571429
sqlite3.c:82820,68.7820798101172
