sqlite3.c:108496,95.67238320520403
sqlite3.c:108499,93.67238320520403
