sqlite3.c:180192,75.3527388197936
sqlite3.c:180204,73.3527388197936
