sqlite3.c:190663,72.56906533313222
sqlite3.c:190688,71.56269949816111
sqlite3.c:190689,64.24101969872538
sqlite3.c:190705,74.81414235591431
