shell.c:9828,64.28571428571429
shell.c:9844,121.6590630489454
shell.c:9849,66.24101969872538
shell.c:9850,64.24101969872538
