sqlite3.c:83212,66.28571428571429
sqlite3.c:83213,64.28571428571429
