sqlite3.c:199124,77.81414235591431
sqlite3.c:199131,76.81414235591431
sqlite3.c:199132,74.81414235591431
