sqlite3.c:200549,64.24101969872538
sqlite3.c:200560,67.24101969872538
sqlite3.c:200570,66.24101969872538
sqlite3.c:200571,64.24101969872538
