sqlite3.c:100605,75.0
sqlite3.c:100619,102.46787479406919
sqlite3.c:100623,100.46787479406919
