sqlite3.c:110041,80.60031984253908
sqlite3.c:110059,80.60031984253908
