sqlite3.c:191160,111.11051444527979
sqlite3.c:191169,53.48253907003665
