sqlite3.c:118314,82.60031984253908
sqlite3.c:118317,82.60031984253908
sqlite3.c:118318,80.60031984253908
