sqlite3.c:120331,44.43363306385085
sqlite3.c:120332,42.10526315789473
