sqlite3.c:199152,69.30713296579651
sqlite3.c:199159,66.31434723037776
