shell.c:10912,62.91420789832047
shell.c:10920,64.91420789832047
shell.c:10923,62.91420789832047
