shell.c:17390,67.91420789832047
shell.c:17395,65.91420789832047
shell.c:17396,64.91420789832047
shell.c:17397,62.91420789832047
