sqlite3.c:77659,76.3527388197936
sqlite3.c:77662,75.3527388197936
sqlite3.c:77667,73.3527388197936
