shell.c:11536,66.28571428571429
shell.c:11541,64.28571428571429
