sqlite3.c:100415,66.28571428571429
sqlite3.c:100421,64.28571428571429
