sqlite3.c:179354,88.55555555555556
sqlite3.c:179358,87.55555555555556
sqlite3.c:179362,85.55555555555556
