sqlite3.c:191050,111.11051444527979
sqlite3.c:191059,53.48253907003665
