shell.c:17995,64.91420789832047
shell.c:18001,62.91420789832047
