sqlite3.c:189124,111.11051444527979
sqlite3.c:189141,53.48253907003665
sqlite3.c:189146,102.0
sqlite3.c:189148,100.0
