sqlite3.c:190867,111.11051444527979
sqlite3.c:190874,53.48253907003665
sqlite3.c:190875,102.0
sqlite3.c:190876,100.0
