shell.c:17408,102.46787479406919
shell.c:17415,100.46787479406919
