sqlite3.c:108998,85.51284175642087
sqlite3.c:109002,83.51284175642087
