sqlite3.c:179982,78.46777546777547
sqlite3.c:179985,77.46777546777547
sqlite3.c:179987,75.46777546777547
