sqlite3.c:189159,111.11051444527979
sqlite3.c:189170,53.48253907003665
sqlite3.c:189177,102.0
sqlite3.c:189179,100.0
