shell.c:9629,83.60031984253908
shell.c:9643,82.60031984253908
shell.c:9645,80.60031984253908
