sqlite3.c:187151,75.34234355666545
sqlite3.c:187159,111.11051444527979
sqlite3.c:187161,53.48253907003665
