sqlite3.c:136131,105.80078636959371
sqlite3.c:136141,103.80078636959371
