sqlite3.c:97360,66.28571428571429
sqlite3.c:97366,64.28571428571429
