sqlite3.c:182302,87.26368771321515
sqlite3.c:182310,87.26368771321515
sqlite3.c:182317,85.26368771321515
