shell.c:18257,64.91420789832047
shell.c:18260,62.91420789832047
