sqlite3.c:189188,75.34234355666545
sqlite3.c:189193,111.11051444527979
sqlite3.c:189196,53.48253907003665
