sqlite3.c:104150,97.67238320520403
sqlite3.c:104163,96.67238320520401
sqlite3.c:104168,95.67238320520403
sqlite3.c:104170,93.67238320520403
