sqlite3.c:176942,64.28571428571429
sqlite3.c:176951,66.28571428571429
sqlite3.c:176952,64.28571428571429
