sqlite3.c:178224,104.46787479406919
sqlite3.c:178227,103.46787479406919
sqlite3.c:178233,102.46787479406919
sqlite3.c:178235,100.46787479406919
