sqlite3.c:111115,73.36255390331642
sqlite3.c:111127,72.36245970934053
sqlite3.c:111130,69.36936936936938
