shell.c:17433,114.11051444527979
shell.c:17441,113.1105144452798
shell.c:17449,111.11051444527979
