sqlite3.c:108613,86.00993521368964
sqlite3.c:108633,83.51284175642087
sqlite3.c:108651,83.51284175642087
