sqlite3.c:161962,115.90640557583806
sqlite3.c:161967,113.90640557583805
