sqlite3.c:187114,111.11051444527979
sqlite3.c:187121,53.48253907003665
sqlite3.c:187123,102.0
sqlite3.c:187125,100.0
