shell.c:15140,53.48253907003665
shell.c:15146,64.91420789832047
shell.c:15148,62.91420789832047
