sqlite3.c:201683,103.46787479406919
sqlite3.c:201694,102.46787479406919
sqlite3.c:201697,100.46787479406919
