shell.c:927,65.24415270986759
shell.c:935,62.91420789832047
