sqlite3.c:178252,82.96257768821097
sqlite3.c:178255,111.11051444527979
sqlite3.c:178257,53.48253907003665
sqlite3.c:178265,100.0
