sqlite3.c:184050,150.33333333333331
sqlite3.c:184074,149.33333333333331
sqlite3.c:184075,149.33333333333331
sqlite3.c:184077,147.33333333333331
