sqlite3.c:188581,111.11051444527979
sqlite3.c:188589,53.48253907003665
