sqlite3.c:108472,85.51284175642087
sqlite3.c:108479,83.51284175642087
