sqlite3.c:115573,90.32959101844428
sqlite3.c:115580,89.32959101844428
sqlite3.c:115583,89.32959101844428
sqlite3.c:115585,87.32959101844428
