shell.c:22521,54.82233502538071
shell.c:22526,65.91420789832047
shell.c:22527,64.91420789832047
shell.c:22528,62.91420789832047
