sqlite3.c:189712,89.55555555555556
sqlite3.c:189715,88.55555555555556
sqlite3.c:189716,87.55555555555556
sqlite3.c:189717,85.55555555555556
