sqlite3.c:187089,111.11051444527979
sqlite3.c:187098,53.48253907003665
sqlite3.c:187100,102.0
sqlite3.c:187101,100.0
