sqlite3.c:187254,113.1105144452798
sqlite3.c:187269,111.11051444527979
sqlite3.c:187278,111.11051444527979
