sqlite3.c:110077,80.60031984253908
sqlite3.c:110085,80.60031984253908
