sqlite3.c:77979,33.16883116883117
sqlite3.c:77983,31.16883116883117
