sqlite3.c:198722,66.28571428571429
sqlite3.c:198725,64.28571428571429
