shell.c:11445,66.28571428571429
shell.c:11448,64.28571428571429
