sqlite3.c:107295,115.01815885813365
sqlite3.c:107305,103.80078636959371
sqlite3.c:107309,123.99483870967742
