shell.c:13556,62.91420789832047
shell.c:13595,64.91420789832047
shell.c:13598,62.91420789832047
