sqlite3.c:104121,75.3090909090909
sqlite3.c:104125,73.3090909090909
