sqlite3.c:201097,64.91420789832047
sqlite3.c:201109,62.91420789832047
