sqlite3.c:121397,65.03939962476548
sqlite3.c:121413,65.03939962476548
sqlite3.c:121418,63.03939962476548
