sqlite3.c:180226,106.43526489245389
sqlite3.c:180233,105.43526489245389
sqlite3.c:180235,105.43526489245389
sqlite3.c:180237,103.43526489245389
