sqlite3.c:179831,87.55555555555556
sqlite3.c:179834,85.55555555555556
