sqlite3.c:83215,55.33333333333333
sqlite3.c:83223,53.33333333333333
