shell.c:17462,66.28571428571429
shell.c:17466,64.28571428571429
