sqlite3.c:173806,25.556886227544908
sqlite3.c:173821,24.556886227544904
sqlite3.c:173822,23.556886227544908
sqlite3.c:173826,21.556886227544908
