sqlite3.c:199400,94.05814981514227
sqlite3.c:199407,100.0
sqlite3.c:199410,85.26368771321515
