sqlite3.c:107320,106.80078636959372
sqlite3.c:107330,105.80078636959371
sqlite3.c:107332,105.80078636959371
sqlite3.c:107334,103.80078636959371
