sqlite3.c:201381,64.91420789832047
sqlite3.c:201389,62.91420789832047
sqlite3.c:201403,62.91420789832047
