sqlite3.c:120286,34.16883116883117
sqlite3.c:120292,33.16883116883117
sqlite3.c:120294,31.16883116883117
