sqlite3.c:182657,67.28571428571429
sqlite3.c:182663,66.28571428571429
sqlite3.c:182664,64.28571428571429
