sqlite3.c:115510,77.46777546777547
sqlite3.c:115521,75.46777546777547
