shell.c:17173,75.46777546777547
shell.c:17198,75.46777546777547
